position:
  x: 0.674716
  y: -1.99689
  z: -0.650873
orientation:
  x: -0.00345934
  y: 0.000538603
  z: -0.00265452
  w: 0.99999
