position:
  x: -1.55339
  y: -4.753
  z: -0.585338
orientation:
  x: -0.00356872
  y: 0.00907238
  z: 0.00588512
  w: 0.999935
